((("$params" .
   [0 0 0 0 1 2 0])
  ("deleted" .
   [2 0 0 0 0 0 0])
  ("by" .
   [0 2])
  ("AWK" .
   [0 1 0])
  ("_delete_contract_user" .
   [0 0 0 0 0 0 0 0 0 0 0 0 0 0 0 0 0 0 0 0 1])
  ("self" .
   [1 0 0 0])
  ("f" .
   [1])
  ("$user_info" .
   [0 0 0 0 1 0 0 0 0 0])
  ("$t_user_info" .
   [0 0 0 1 2 0 0 0 0 0 0 0])
  ("get_user_info" .
   [0 0 0 0 0 0 0 0 0 0 0 0 1])
  ("_get_bll_account_vip_user" .
   [0 0 0 0 0 0 1 0 0 0 0 0 0 0 0 0 0 0 0 0 0 0 0 0 0])
  ("$tmp_user_info" .
   [0 0 0 0 3 0 0 0 0 0 0 0 0 0])
  ("apf_require_class" .
   [0 0 0 0 0 0 0 0 0 0 0 0 0 0 0 0 1])
  ("d" .
   [1])
  ("load-library" .
   [0 0 0 0 0 0 1 0 0 0 0 1])
  ("$another_user_i" .
   [0 0 0 0 0 0 0 0 0 0 0 0 0 0 1])
  ("$account_type" .
   [0 0 0 0 0 0 0 0 0 1 0 0 1])
  ("cancel_guide_for_secondary_user" .
   [0 0 0 0 0 0 0 0 0 0 0 0 1 0 0 0 0 0 0 0 0 0 0 0 0 0 0 0 0 0 0])
  ("__contruct" .
   [0 0 0 0 0 0 0 0 0 1])
  ("$object" .
   [0 0 0 0 0 0 1])
  ("extends" .
   [0 0 0 0 0 0 1])
  ("$controller" .
   [0 0 0 0 0 0 0 0 0 0 2])
  ("$request" .
   [0 0 0 0 0 0 0 1])
  ("$httpStatus" .
   [0 0 0 0 0 0 0 0 0 0 3])
  ("$stime" .
   [0 0 0 0 0 1])
  ("$config" .
   [0 0 0 0 0 0 1])
  ("$mapping" .
   [0 0 0 1 0 0 0 0])
  ("$class" .
   [0 0 0 0 0 2])
  ("$matches" .
   [0 0 0 0 0 0 0 2])
  ("phpinfo" .
   [1 0 0 0 0 0 0])
  ("while" .
   [0 0 0 1 0])
  ("$database" .
   [0 0 0 0 0 1 0 0 0])
  ("LibaMysql" .
   [0 0 0 1 0 0 0 0 0])
  ("include_once" .
   [0 0 0 0 0 0 0 0 0 0 0 2])
  ("640" .
   [1 0 0])
  ("$image_url" .
   [0 0 0 0 0 0 0 0 2 0])
  ("declare" .
   [0 0 0 0 0 0 1])
  ("bool" .
   [4 0 0 0])
  ("$t5" .
   [2 0 0])
  ("$t4" .
   [2 0 0])
  ("$t3" .
   [4 0 0])
  ("$t2" .
   [5 0 0])
  ("$t1" .
   [4 0 0])
  ("T5" .
   [1 0])
  ("T4" .
   [1 0])
  ("T3" .
   [1 0])
  ("T2" .
   [1 0])
  ("T" .
   [1])
  ("88" .
   [1 0])
  ("F" .
   [3])
  ("n" .
   [2])
  ("(const char *restrict __format" .
   [0 0 0 0 0 0 0 0 0 0 0 0 0 0 0 0 0 0 0 0 0 0 0 0 0 0 0 0 0 1])
  ("10" .
   [1 0])
  ("r" .
   [3])
  ("$permissionArr" .
   [0 0 0 0 0 0 0 0 0 0 0 0 1 0])
  ("userPermissions" .
   [2 0 0 0 0 1 0 0 0 0 0 0 0 0 0])
  ("$db_user" .
   [1 0 0 0 0 0 0 0])
  ("create_sig" .
   [0 0 0 1 0 0 0 0 0 0])
  ("$sig" .
   [2 0 0 0])
  ("$users" .
   [3 0 0 0 0 0])
  ("$database_ad_cheat" .
   [0 0 0 0 0 0 0 0 0 0 0 0 1 0 0 0 0 0])
  ("$date" .
   [2 0 0 0 0])
  ("find_user_by_user_id" .
   [0 0 0 0 0 0 0 0 0 0 0 0 0 0 0 0 0 0 0 1])
  ("SLAVE" .
   [0 0 2 0 0])
  ("$replies" .
   [2 0 0 0 0 0 1 2])
  ("$has_attach" .
   [0 0 0 0 0 0 1 0 0 0 0])
  ("$value" .
   [0 0 1 1 1 0])
  ("$attach" .
   [1 0 0 0 0 0 0])
  ("$last_reply_info" .
   [0 0 0 0 2 0 0 0 3 0 0 0 0 0 0 0])
  ("$owner_reply_info" .
   [0 0 0 0 1 0 0 0 0 0 0 0 0 0 0 0 0])
  ("$topic_info" .
   [0 0 0 0 0 0 0 0 0 1 0])
  ("getHttpStatus" .
   [0 0 0 0 0 0 0 0 0 0 0 0 1])
  ("$array" .
   [5 0 0 1 1 0])
  ("a" .
   [1])
  ("b" .
   [2])
  ("$list" .
   [1 0 0 0 0])
  ("$pass_ids" .
   [0 0 0 0 0 0 1 0 0])
  ("delete" .
   [1 3 0 0 0 0])
  ("delete_need_verify_by_reply_id" .
   [0 0 0 0 0 0 0 0 0 0 0 0 0 0 0 0 0 0 0 0 0 0 0 0 1 0 0 0 0 0])
  ("delete_reply" .
   [1 0 0 0 0 0 0 0 0 0 0 0])
  ("delete_topic" .
   [1 0 0 0 0 0 0 0 0 0 0 0])
  ("$topic_ids" .
   [2 0 0 0 0 0 0 0 0 0])
  ("pass" .
   [2 0 0 0])
  ("$reply_ids" .
   [1 0 0 2 0 0 0 0 0 4])
  ("LibaApi" .
   [0 0 0 0 0 0 1])
  ("_current_time" .
   [0 0 1 0 0 0 0 0 0 0 0 0 0])
  ("$_current_time" .
   [0 0 0 1 0 0 0 0 0 0 0 0 0 0])
  ("$log_type" .
   [0 0 0 1 0 0 0 0 0])
  ("select" .
   [0 0 0 1 0 0])
  ("in_array" .
   [0 0 0 0 1 0 0 0])
  ("continue" .
   [0 0 0 0 0 2 0 0])
  ("unset" .
   [0 0 0 1 0])
  ("NORMAL" .
   [0 0 0 1 0 0])
  ("$floor" .
   [1 0 0 0 1 0])
  ("else" .
   [6 0 0 0])
  ("$pass_info" .
   [0 0 0 0 0 0 0 0 1 0])
  ("$total" .
   [4 0 0 0 1 0])
  ("400" .
   [1 0 0])
  ("$subject" .
   [2 0 0 1 0 0 0 2])
  ("$forum" .
   [6 0 0 0 0 0])
  ("$subject_manage" .
   [0 0 0 2 0 0 0 0 0 1 0 0 0 0 0])
  ("as" .
   [9 0])
  ("foreach" .
   [0 0 0 0 3 1 7])
  ("count" .
   [6 0 0 0 0])
  ("is_array" .
   [0 0 0 1 5 0 0 0])
  ("$forums" .
   [6 0 0 0 4 0 1])
  ("findByForum" .
   [0 0 0 0 0 0 0 1 0 0 0])
  ("30" .
   [2 0])
  ("$pageHtml" .
   [0 0 0 0 0 0 1 0 0])
  ("assign" .
   [0 0 0 3 0 0])
  ("$smarty" .
   [0 0 0 3 0 0 0])
  ("intval" .
   [0 0 1 0 6 8])
  ("$_GET" .
   [2 0 0 4 3])
  ("isset" .
   [2 0 0 3 27])
  ("$key" .
   [6 0 0 0])
  ("$user" .
   [10 0 0 0 0])
  ("findById" .
   [0 0 0 0 0 0 0 2])
  ("$user_api" .
   [1 0 0 0 0 0 1 0 0])
  ("LibaApiUser" .
   [0 0 0 0 0 0 0 0 0 0 1])
  ("60" .
   [1 0])
  ("date" .
   [4 0 0 0])
  ("php" .
   [3 0 0])
  ("$topics" .
   [14 0 0 0 0 0 0])
  ("$page_size" .
   [0 0 0 0 0 0 3 3 0 1])
  ("$page" .
   [9 0 0 0 0])
  ("$userid" .
   [1 0 0 0 0 0 0])
  ("find_topics_replied_user_id" .
   [0 0 0 0 0 0 0 1 0 0 0 0 0 0 0 0 0 0 0 0 0 0 0 0 0 0 0])
  ("$topic" .
   [17 0 0 0 0 2])
  ("$repeatTimes" .
   [0 0 0 0 1 0 0 0 0 0 0 0])
  ("$i" .
   [14 0])
  ("for" .
   [2 0 0])
  ("$per" .
   [0 0 0 1])
  ("$tagNum" .
   [0 0 0 0 1 1 0])
  ("query" .
   [2 1 1 3 0])
  ("$sql" .
   [55 0 0 0])
  ("$database_topic_stream" .
   [0 0 0 0 1 0 0 0 0 0 0 0 0 0 0 0 0 0 0 0 0 0])
  ("Mysql" .
   [0 1 0 0 0])
  ("$db" .
   [11 0 0])
  ("4" .
   [6])
  ("class" .
   [4 0 1 0 1])
  ("private" .
   [0 0 0 1 6 0 5])
  ("$" .
   [8])
  ("$nonce" .
   [1 0 0 0 0 0])
  ("$now" .
   [0 0 0 1])
  ("PassportService" .
   [0 1 1 0 0 0 0 0 0 0 0 0 0 0 0])
  ("201" .
   [2 0 0])
  ("echo" .
   [111 0 0 1])
  ("print_r();exit;" .
   [1 0 0 0 0 0 0 1 0 0 0 0 0 0 0])
  ("$result" .
   [1 0 0 0 6 1 6])
  ("print_r" .
   [7 0 0 0 0 1 63])
  ("$data" .
   [2 0 0 0 0])
  ("if" .
   [60 0])
  ("$user_id" .
   [25 0 0 0 0 0 0 9])
  ("0" .
   [83])
  ("return" .
   [17 0 0 1 5 15])
  ("array" .
   [26 0 1 1 0])
  ("$user_name" .
   [1 0 0 2 0 3 1 2 0 1])
  ("$mobile" .
   [0 0 0 9 0 0 0])
  ("$password" .
   [0 0 0 6 2 0 0 0 4])
  ("false" .
   [2 0 4 3 2])
  ("$ip" .
   [17 0 0])
  ("$user_agent" .
   [0 0 0 0 0 0 0 4 1 0 0])
  ("$sessionhash" .
   [0 0 0 2 2 2 1 0 1 1 0 5])
  ("TRUE" .
   [2 0 0 0])
  ("true" .
   [8 0 0 1])
  ("$this" .
   [45 0 0 0 3])
  ("result" .
   [4 0 0 0 0 0])
  ("exit" .
   [91 0 0 1])
  ("$session" .
   [1 0 0 0 0 0 0 1])
  ("print" .
   [2 0 0 0 1])
  ("$_POST" .
   [4 0 0 1 1 0])
  ("$username" .
   [1 0 0 0 0 0 0 0 0])
  ("echo \"<pre>\";" .
   [0 0 0 0 0 0 0 0 0 0 0 0 1])
  ("111" .
   [6 0 0])
  ("1" .
   [27])
  ("2" .
   [5])
  ("5" .
   [1])
  ("http_status" .
   [0 0 0 0 0 0 0 0 0 0 3])
  ("$signature" .
   [0 0 0 0 1 1 0 0 0 0])
  ("$view" .
   [4 0 0 2 0])
  ("set" .
   [1 0 0])
  ("new" .
   [14 0 0])
  ("PFWTemplate" .
   [0 0 0 0 1 0 0 0 0 0 0])
  ("$runtime" .
   [1 0 0 0 0 0 0 0])
  ("output" .
   [0 0 0 1 0 0])
  ("NULL" .
   [1 0 0 0])
  ("view" .
   [0 0 0 1])
  ("PFW_VIEW_PATH" .
   [2 0 0 0 0 0 0 0 0 0 0 0 0])
  ("load_template" .
   [1 0 0 0 0 0 0 0 0 0 0 0 0])
  ("files" .
   [0 0 0 0 1])
  ("EXT" .
   [1 0 0])
  ("PFW" .
   [2 0 0])
  ("implements" .
   [0 0 1 1 0 0 0 0 0 0])
  ("get_all_user_auth_urls" .
   [0 0 0 0 0 0 0 0 1 0 0 0 0 0 0 0 0 0 0 0 0 0])
  ("public" .
   [0 0 17 2 0 7])
  ("function" .
   [2 0 0 1 16 4 0 6])
  ("$provider" .
   [3 0 0 0 0 0 0 0 4])
  ("$redirect_uri" .
   [4 0 0 0 4 0 0 0 0 0 0 0 1])
  ("$url" .
   [5 0 0 7])
  ("prefix_api_url" .
   [0 0 0 0 2 0 0 0 0 0 0 0 0 2])
  ("$postfields" .
   [0 0 0 4 4 0 1 0 0 0 0])
  ("$code" .
   [6 0 0 1 0])
  ("$agent" .
   [2 0 0 6 0 0])
  ("do_post" .
   [0 0 0 0 0 1 3])
  ("$res" .
   [5 0 0 0])
  ("$api" .
   [7 0 0 1])
  ("login" .
   [0 0 0 0 1])
  ("get_http_status" .
   [0 0 0 0 0 0 0 0 0 0 0 0 0 0 1])
  ("$open_session_id" .
   [0 0 0 4 0 0 0 0 0 0 0 0 0 0 0 0])
  ("200" .
   [1 0 0])
  ("bind_user_and_login" .
   [0 0 0 0 0 0 0 0 0 0 0 0 0 0 0 0 0 0 1])
  ("json_decode" .
   [0 0 0 0 1 0 0 0 0 0 3])
  ("register_user_and_login" .
   [0 0 0 1 1 0 0 0 0 0 0 0 0 0 0 0 0 0 0 0 0 0 0])
  ("create_verify_code_for_reset" .
   [0 0 0 0 0 0 0 0 0 0 0 0 0 0 0 0 0 0 0 0 0 0 0 1 0 0 0 0])
  ("$id" .
   [9 0 0])
  ("update_last_post_hash" .
   [0 0 0 0 0 0 0 0 0 0 0 0 0 0 0 0 0 0 0 0 2])
  ("$last_post_hash" .
   [0 0 0 4 1 1 0 0 0 0 0 0 0 0 0])
  ("$arbiter" .
   [0 0 0 2 0 0 0 0])
  ("get_last_post_hash" .
   [0 0 0 0 0 0 0 0 0 0 0 0 0 0 0 0 0 2])
  ("md5" .
   [1 0 0])
  ("$count" .
   [0 0 0 0 0 1])
  ("$content" .
   [10 0 0 0 2 2 1 14])
  ("$current_post_hash" .
   [0 0 0 1 1 0 0 0 0 0 0 0 0 0 0 0 0 0])
  ("DBFactory" .
   [0 0 2 0 0 0 0 0 0])
  ("get_instance" .
   [0 0 0 0 0 1 1 0 0 0 0 0])
  ("$hash" .
   [1 0 0 1 0])
  ("$forum_id" .
   [5 0 0 0 0 0 0 0 0])
  ("$from_time" .
   [0 0 1 3 0 0 0 0 0 0])
  ("time" .
   [3 0 0 0])
  ("$verify_api" .
   [0 0 0 1 2 1 1 0 0 0 4])
  ("find_verify_info_by_forum_id" .
   [0 0 0 0 0 0 1 0 0 0 0 0 0 0 0 0 0 0 0 0 0 0 0 0 0 0 0 0])
  ("$verify_info" .
   [0 0 0 1 3 0 0 0 0 0 0 10])
  ("i" .
   [2])
  ("$today" .
   [1 0 0 0 1 0])
  ("helper" .
   [1 0 1 0 0 1])
  ("get" .
   [2 0 0])
  ("$subjects" .
   [1 0 0 0 1 2 0 0 0])
  ("$facade_db" .
   [0 0 0 1 0 0 0 0 0 0])
  ("$tmp_forums" .
   [0 0 0 1 1 0 0 0 0 0 0])
  ("verify_delete" .
   [0 0 0 0 0 0 0 0 1 0 0 0 0])
  ("$topic_id" .
   [15 0 0 0 0 0 0 0 0])
  ("load_api" .
   [1 0 0 0 0 0 0 0])
  ("null" .
   [4 0 0 0])
  ("LibaApiTopic" .
   [0 0 1 0 2 0 0 0 0 0 0 0])
  ("LibaApiReply" .
   [0 0 1 0 0 0 0 0 0 0 0 0])
  ("$type" .
   [11 0 0 0 3])
  ("$reply" .
   [20 0 0 0 0 1])
  ("_reply_api" .
   [0 0 0 1 1 0 0 0 0 0])
  ("$reply_id" .
   [5 0 0 0 0 0 0 0 2])
  ("_db" .
   [3 0 0])
  ("execute" .
   [0 0 0 3 0 0 2])
  ("addslashes" .
   [0 0 0 1 2 0 0 0 0 0])
  ("$title" .
   [13 0 0 0 1 1])
  ("$current_time" .
   [0 0 0 0 0 0 0 0 0 0 0 0 2])
  ("$ban_word" .
   [0 0 0 0 1 0 0 0 4])
  ("BanWordApi" .
   [0 1 0 0 0 0 0 0 0 0])
  ("fetchAll" .
   [0 0 0 0 0 0 1 2])
  ("$ban_word_api" .
   [0 0 0 0 0 0 1 0 0 0 1 0 0])
  ("get_word_by_type" .
   [0 0 0 0 0 0 0 0 0 0 0 0 0 0 0 1])
  ("$ban_words" .
   [4 0 0 0 0 0 0 0 0 0])
  ("$done_title" .
   [0 0 0 1 0 0 0 0 0 0 0])
  ("deal_with_title" .
   [0 0 0 0 1 0 0 0 0 0 0 0 0 0 1])
  ("deal_with_content" .
   [0 0 0 0 0 0 1 0 0 0 0 0 0 0 0 0 0])
  ("$topic_api" .
   [1 0 0 0 0 0 0 0 0 1])
  ("updateTitle" .
   [1 0 0 0 0 0 0 0 0 0 0])
  ("$done_content" .
   [0 0 0 0 0 0 0 2 0 0 0 0 0])
  ("$reply_api" .
   [0 0 0 0 0 0 0 0 0 1])
  ("update" .
   [1 0 0 0 0 0])
  ("$group_ids" .
   [9 0 3 1 0 0 0 0 0 0])
  ("$group_admin_api" .
   [0 0 0 0 0 0 0 0 0 0 0 0 0 0 0 1])
  ("get_by_user_id" .
   [0 0 0 0 0 0 0 0 1 0 0 0 0 0])
  ("set_db" .
   [1 0 0 0 0 0])
  ("static" .
   [0 0 0 0 0 2])
  ("$group_id" .
   [2 0 0 0 0 0 0 0 1])
  ("$group" .
   [6 0 0 0 0 0])
  ("$ids_sql" .
   [0 0 0 0 2 1 0 0])
  ("$offset" .
   [0 0 0 1 0 0 0])
  ("_" .
   [1])
  ("get_need_verify_list" .
   [0 0 0 0 0 0 1 0 0 0 0 0 0 0 0 0 0 0 0 0])
  ("$groups" .
   [2 0 0 0 0 0 2])
  ("$need_verify_list" .
   [0 0 0 2 0 0 0 0 0 0 0 0 0 0 0 0 0])
  ("POST" .
   [1 0 0 0])
  ("SITE_URL" .
   [0 0 2 0 2 0 0 0])
  ("80" .
   [1 0])
  ("$post_data" .
   [0 0 0 1 1 0 1 0 0 0])
  ("$header" .
   [0 0 0 3 1 0 0])
  ("VerifyApi" .
   [0 0 0 1 0 0 0 0 1])
  ("1127" .
   [1 0 0 0])
  ("var_dump" .
   [0 0 0 0 0 0 0 16])
  ("$errno" .
   [1 0 0 0 0 0])
  ("$old_word" .
   [0 0 1 0 0 0 0 0 1])
  ("$level" .
   [0 0 0 2 1 0])
  ("3" .
   [4])
  ("do_get" .
   [0 0 0 1 0 0])
  ("$api_url" .
   [0 0 0 0 0 0 1 0])
  ("search" .
   [0 0 0 0 1 0])
  ("global" .
   [0 0 0 1 0 0])
  ("$db_old" .
   [0 0 0 0 0 0 1])
  ("$db_new" .
   [0 0 0 1 0 0 1])
  ("$db_facade" .
   [0 0 0 0 0 1 0 0 0 0])
  ("search_by_id" .
   [0 0 0 1 0 0 0 0 0 0 0 0])
  ("$keyword" .
   [1 0 0 0 0 0 1 1])
  ("$filter_forum_ids" .
   [0 0 0 1 1 0 0 0 0 0 0 0 0 0 0 0 0])
  ("search_by_info" .
   [0 0 0 1 0 0 0 0 0 0 0 0 0 0])
  ("$word_sql" .
   [0 0 0 0 0 0 0 1 0])
  ("$db_rep" .
   [1 0 0 0 0 0 0])
  ("fetchFirstValue" .
   [0 0 0 1 0 0 0 0 0 0 0 0 0 0 0])
  ("$post_num" .
   [0 0 0 0 0 0 0 1 0])
  ("$name" .
   [1 0 0 0 1])
  ("TestMagicMethod" .
   [0 0 0 1 0 0 0 0 0 0 0 0 0 0 0])
  ("$obj" .
   [0 0 1 1])
  ("printf" .
   [5 0 1 0 0 0])
  ("k" .
   [4])
  ("$a" .
   [11 0])
  ("$A" .
   [1 0])
  ("E_ALL" .
   [2 0 0 0 0])
  ("$topic_list" .
   [1 0 0 0 0 0 0 0 0 1 0])
  ("$repl" .
   [0 0 0 0 1])
  ("$facade_topic_api" .
   [0 0 0 1 0 0 0 0 0 0 0 0 0 0 0 0 0])
  ("microtime" .
   [0 0 1 0 0 0 0 0 2])
  ("$t" .
   [2 0])
  ("$b" .
   [3 0])
  ("$c" .
   [1 0])
  ("$titles" .
   [4 0 0 0 0 0 0])
  ("$sh" .
   [2 0 0])
  ("100" .
   [1 0 0])
  ("scws_get_tops" .
   [1 0 0 0 0 0 0 0 0 0 0 0 0])
  ("$top" .
   [1 0 0 0])
  ("$word" .
   [1 0 0 0 1])
  ("__CLASS__" .
   [0 0 0 1 0 0 0 0 1])
  ("$sync_call_back_obj" .
   [0 0 0 0 0 0 0 0 0 0 0 0 0 0 0 0 1 0 0])
  ("$sync_call_back_func" .
   [0 0 0 0 0 0 0 0 0 0 0 0 0 0 0 0 0 0 0 1])
  ("$_sync_params" .
   [0 0 0 0 0 0 0 0 0 0 0 0 1])
  ("assertEquals" .
   [0 0 0 0 0 0 0 0 0 0 0 3])
  ("$stack" .
   [0 0 0 0 0 2])
  ("update_order_status" .
   [0 0 0 0 0 0 0 0 0 0 0 0 0 0 0 0 0 0 1])
  ("instance" .
   [0 0 0 0 0 0 0 1])
  ("ADAPTER" .
   [0 1 1 0 0 0 0])
  ("include" .
   [0 0 0 0 0 0 1])
  ("main" .
   [1 0 0 0])
  ("long" .
   [1 0 0 1])
  ("unsigned" .
   [0 0 0 0 0 0 0 2])
  ("ntohl" .
   [0 0 0 0 1])
  ("file_get_contents" .
   [0 0 0 0 0 0 0 0 0 0 0 0 0 0 0 0 1])
  ("$dom" .
   [0 0 0 1])
  ("stripos" .
   [0 0 0 0 0 0 1])
  ("nokogiri" .
   [0 0 0 0 0 0 0 1])
  ("toArray" .
   [0 0 0 0 0 0 1])
  ("$last_page" .
   [0 0 0 0 0 0 0 0 0 1])
  ("get_content" .
   [0 0 0 0 0 0 0 0 0 0 2])
  ("$url_prefix" .
   [0 0 0 0 1 0 0 0 0 0 1])
  ("$url_suffix" .
   [0 0 0 0 1 0 0 0 0 0 1])
  ("str_replace" .
   [0 0 0 0 0 0 0 0 0 0 1])
  ("parse_url" .
   [0 0 0 0 0 0 0 0 1])
  ("$url_info" .
   [0 0 0 0 1 0 0 0 2])
  ("add-to-list" .
   [0 0 0 0 0 0 0 0 0 0 1])
  ("require" .
   [0 0 0 0 1 0 0])
  ("$excel" .
   [0 0 0 1 0 0])
  ("$excel_real_delete" .
   [0 0 0 0 1 0 0 0 0 0 0 0 0 0 0 0 0 0])
  ("$vip_user_info" .
   [0 0 0 0 2 0 0 0 0 0 0 0 0 0])
  ("userphoto_image_id" .
   [0 0 0 0 0 0 0 0 0 1 0 0 0 0 0 0 0 0])
  ("$tmp" .
   [1 0 0 0])
  ("APF_Util_StringUtils" .
   [0 0 0 1 0 0 0 0 0 0 0 0 0 0 0 0 0 0 0 0])
  ("loupan_" .
   [0 0 0 0 0 0 1])
  ("$temp" .
   [1 0 0 0 0])
  ("$plan_num" .
   [1 0 0 0 0 0 0 0 1])
  ("$append_num" .
   [0 0 0 0 1 0 0 0 0 0 0])
  ("$count_data" .
   [0 0 0 0 1 0 0 0 0 0 0])
  ("color-theme-classic" .
   [0 0 0 0 0 0 0 0 0 0 0 0 0 0 0 0 1 0 0])
  ("protected" .
   [0 0 0 1 0 0 0 0 0])
  ("Test" .
   [1 0 0 0])
  ("$type_num" .
   [0 0 0 0 0 0 1 1 1])))
